0.00686939479783
0.0068540466018
0.00683878641576
0.00682361377403
0.00680852821097
0.0067935292609
0.00677861692384
0.00676378980279
0.00674904789776
0.00673439027742
0.00671981740743
0.00670532789081
0.00669092172757
0.00667659845203
0.00666235713288
0.00664819777012
0.00663411989808
0.00661547482014
0.0066015846096
0.00658777402714
0.00657404307276
0.0065603912808
0.00654681725428
0.00653332145885
0.00651990342885
0.00650656223297
0.0064932978712
0.00648010941222
0.00646699685603
0.00645395927131
0.00644099712372
0.00642810901627
0.00641529541463
0.00640255492181
0.00638988753781
0.00637729326263
0.00636477116495
0.00635232077911
0.00633994210511
0.00632763467729
0.00631539756432
0.00630323123187
0.00629113428295
0.00627910671756
0.0062671485357
0.00625525880605
0.00624343752861
0.00623168377206
0.00621999800205
0.00620837882161
0.00619682623073
0.00618534022942
0.00617392035201
0.00616256566718
0.00615127617493
0.00614005187526
0.00612889183685
0.00611779559404
0.00610676314682
0.00609573163092
0.00608472758904
0.00607377896085
0.00606289785355
0.00605209171772
0.00604136427864
0.00603071739897
0.0060201510787
0.00600965134799
0.00599926058203
0.00598912872374
0.00597948720679
0.00597050273791
0.00596242630854
0.00595550844446
0.0059501612559
0.00594690674916
0.0059462771751
0.00594882527366
0.00595451751724
0.00596392527223
0.00597769301385
0.0059960228391
0.00601960998029
0.00604814197868
0.00608226843178
0.0061219567433
0.00616790633649
0.00622092233971
0.00627998821437
0.00634354073554
0.00640980293974
0.0064769401215
0.00654427427799
0.0066123935394
0.0066799945198
0.00674711726606
0.00681510055438
0.00688308523968
0.00695284316316
0.00702487071976
0.00709979748353
0.0071795633994
0.00726322317496
0.00735271442682
0.00744826951995
0.00754903256893
0.00765727227554
0.00777178024873
0.0078906910494
0.00801194086671
0.00813341327012
0.00825310684741
0.00836925115436
0.00848039239645
0.00858543626964
0.00868367124349
0.00877475365996
0.00885868724436
0.00893577653915
0.00900657940656
0.00907184742391
0.00913246721029
0.00918940361589
0.00924364104867
0.0092961397022
0.00934779457748
0.00939940195531
0.00945163704455
0.00950503814965
0.00956000201404
0.00961678475142
0.00967551022768
0.00973617844284
0.00979868881404
0.00986285321414
0.00992841925472
0.00999509170651
0.0100625483319
0.0101304622367
0.0101985177025
0.0102664185688
0.0103339049965
0.0104007562622
0.010466796346
0.0105318967253
0.010595976375
0.0106589943171
0.0107209514827
0.0107818795368
0.0108418390155
0.0109009090811
0.0109591828659
0.0110167600214
0.0110737411305
0.0111302230507
0.0111862933263
0.0112420301884
0.0112974951044
0.0113527365029
0.0114077888429
0.0114626679569
0.0115173812956
0.0115719195455
0.0116262650117
0.0116803944111
0.0117342760786
0.0117878764868
0.0118411611766
0.0118940956891
0.0119466502219
0.0119987968355
0.0120505150408
0.0121017862111
0.0121526010334
0.0122029557824
0.012252850458
0.0123022925109
0.0123512931168
0.012399867177
0.0124480342492
0.0124958148226
0.0125432312489
0.0125903049484
0.0126370610669
0.0126835210249
0.0127297053114
0.0127756344154
0.0128213260323
0.0128667959943
0.0129120573401
0.0129571221769
0.0130019998178
0.0130466977134
0.0130912233144
0.013135580346
0.0131797725335
0.0132238026708
0.0132676707581
0.0133113786578
0.0133549263701
0.0133983148262
0.0134415421635
0.0134846093133
0.0135275153443
0.0135702583939
0.0136128375307
0.0136552518234
0.0136974994093
0.0137395774946
0.0137814860791
0.013823219575
0.0138647770509
0.0139061538503
0.0139473453164
0.0139883477241
0.0140291554853
0.0140697630122
0.0141101647168
0.0141503540799
0.0141903245822
0.0142300697044
0.0142695819959
0.0143088558689
0.0143478829414
0.0143866585568
0.0144251743332
0.0144634265453
0.0145014077425
0.0145391141996
0.0145765403286
0.0146136842668
0.0146505404264
0.0146871069446
0.0147233828902
0.0147593673319
0.0147950584069
0.0148304570466
0.014865566045
0.0149003844708
0.0149349179119
0.0149691672996
0.0150031372905
0.0150368325412
0.0150702577084
0.0151034193113
0.0151363229379
0.0151689751074
0.0152013832703
0.015233553946
0.0152654955164
0.0152972163633
0.015328723006
0.0153600247577
0.0153911300004
0.0154220461845
0.0154527826235
0.0154833467677
0.0155137479305
0.0155439926311
0.0155740892515
0.0156040452421
0.0156338661909
0.0156635623425
0.0156931355596
0.0157225932926
0.0157519411296
0.0157811846584
0.0158103257418
0.0158393699676
0.0158683191985
0.0158971752971
0.0159259419888
0.0159546174109
0.015983203426
0.0160117000341
0.0160401072353
0.0160684231669
0.0160966441035
0.0161247700453
0.0161527954042
0.0161807201803
0.0162085369229
0.0162362437695
0.0162638351321
0.0162913054228
0.0163186527789
0.0163458678871
0.0163729470223
0.0163998845965
0.0164266750216
0.0164533127099
0.0164797902107
0.0165061056614
0.0165322516114
0.0165582224727
0.01658401452
0.0166096240282
0.0166350454092
0.0166602768004
0.0166853107512
0.0167101491243
0.0167347881943
0.016759224236
0.0167834572494
0.0168074853718
0.0168313104659
0.0168549306691
0.0168783478439
0.0169015619904
0.0169245768338
0.0169473923743
0.0169700141996
0.0169924441725
0.0170146878809
0.0170367453247
0.0170586258173
0.0170803330839
0.0171018689871
0.0171232447028
0.0171444620937
0.017165530473
0.017186453566
0.0172072388232
0.0172278918326
0.0172484200448
0.0172688290477
0.0172891262919
0.0173093173653
0.0173294078559
0.0173494052142
0.0173693150282
0.0173891410232
0.0174088906497
0.0174285657704
0.0174481719732
0.0174677148461
0.0174871943891
0.0175066161901
0.0175259839743
0.0175452958792
0.0175645574927
0.0175837669522
0.0176029279828
0.0175499916077
0.0174288097769
0.017257630825
0.0170487295836
0.0168139021844
0.0165645163506
0.0163110885769
0.0160629022866
0.0158277507871
0.0156117631122
0.0154193555936
0.0152532495558
0.015114583075
0.0150030720979
0.0149172181264
0.0148545466363
0.0148118548095
0.0147854639217
0.0147714531049
0.014765878208
0.0147649589926
0.0147652337328
0.0147636756301
0.0147577738389
0.0147455846891
0.014725738205
0.014697429724
0.0146603733301
0.0146147496998
0.0145611297339
0.0145003953949
0.0144336568192
0.0143621666357
0.0142872445285
0.0142102036625
0.0141322929412
0.0140546439216
0.0139782363549
0.0139038739726
0.0138321677223
0.0137635366991
0.0136982128024
0.0136362565681
0.0135775785893
0.0135219618678
0.0134690897539
0.0134185776114
0.0133699961007
0.0133228991181
0.0132768452168
0.0132314218208
0.0131862554699
0.0131410257891
0.013095474802
0.0130494059995
0.0130026899278
0.0129552586004
