0.000256789528066
0.000255315040704
0.000253849022556
0.000252391386312
0.000250942073762
0.000249501084909
0.000248068332439
0.000246643758146
0.000245227362029
0.000243819056777
0.000242418813286
0.000241026573349
0.000239642307861
0.000238265973167
0.000236897511058
0.000235536877881
0.00023418404453
0.000232392325415
0.000231057507335
0.000229730343563
0.000228410804993
0.00022709883342
0.000225794385187
0.000224497431191
0.000223207942327
0.000221925860387
0.000220651141717
0.000219383771764
0.000218123692321
0.000216870874283
0.000215625259443
0.00021438683325
0.000213155552046
0.000211931372178
0.000210714249988
0.000209504156373
0.000208301047678
0.000207104894798
0.000205915639526
0.00020473326731
0.000203557719942
0.000202388968319
0.000201226968784
0.000200071677682
0.000198923065909
0.000197781104362
0.000196645734832
0.000195516928216
0.000194394626305
0.00019327881455
0.000192169449292
0.000191066486877
0.00018996988365
0.000188879595953
0.000187795594684
0.000186717850738
0.000185646305908
0.000184580931091
0.000183521682629
0.000182416115422
0.000181145209353
0.00017977738753
0.000178365575266
0.000176950270543
0.00017556338571
0.000174228553078
0.000172961692442
0.000171069521457
0.000167375270394
0.000160999799846
0.00015073652321
0.000139238298289
0.000121306336951
9.99696276267e-05
7.23165139789e-05
3.34718861268e-05
-1.47378304973e-05
-6.70211666147e-05
-0.000121352517453
-0.000182995092473
-0.000260430126218
-0.000338602490956
-0.000425207719672
-0.000509302131832
-0.000600354629569
-0.000699007883668
-0.000805482151918
-0.000920905207749
-0.00101331726182
-0.0010782337049
-0.00111285725143
-0.00111705728341
-0.00112877506763
-0.0011336094467
-0.00111828197259
-0.00112389330752
-0.00113293447066
-0.00112866179552
-0.00117536471225
-0.0012093068799
-0.0012769876048
-0.00135309249163
-0.00141313881613
-0.0015298727667
-0.00162452307995
-0.00172242999543
-0.00184809870552
-0.00194424460642
-0.0020080411341
-0.00203664600849
-0.00203016679734
-0.00199121423066
-0.00192419881932
-0.00183469301555
-0.00172887591179
-0.00161306827795
-0.00149335060269
-0.00137526565231
-0.00126359972637
-0.00116223981604
-0.00107409898192
-0.00100110156927
-0.000944221799728
-0.000903561711311
-0.000878462800756
-0.000867637805641
-0.000869315350428
-0.000881387386471
-0.000901553197764
-0.000927452289034
-0.000956782780122
-0.00098740006797
-0.00101739575621
-0.00104515382554
-0.00106938602403
-0.00108914740849
-0.0011038328521
-0.00111315899994
-0.00111713341903
-0.00111601420213
-0.00111026375089
-0.00110049929935
-0.00108744273894
-0.0010718726553
-0.00105458020698
-0.00103633094113
-0.00101783173159
-0.000999707146548
-0.00098248035647
-0.000966563471593
-0.000952253409196
-0.000939733814448
-0.000929082045332
-0.000920280115679
-0.000913228897844
-0.000907763489522
-0.000903670385014
-0.000900703656953
-0.000898601254448
-0.000897099205758
-0.000895944074728
-0.000894903612789
-0.000893774442375
-0.000892387412023
-0.000890611030627
-0.000888352107722
-0.000885554822162
-0.000882198219188
-0.000878292194102
-0.000873872719239
-0.000868996488862
-0.000863735447638
-0.000858170969877
-0.000852388970088
-0.000846474838909
-0.000840509834234
-0.000834567239508
-0.000828710501082
-0.000822990958113
-0.000817447551526
-0.00081210618373
-0.000806980533525
-0.000802072754595
-0.000797375105321
-0.000792871520389
-0.000788539415225
-0.000784351665061
-0.000780278351158
-0.000776288681664
-0.000772352272179
-0.000768440775573
-0.000764528696891
-0.000760594208259
-0.000756619963795
-0.000752592866775
-0.000748504477087
-0.000744350545574
-0.000740130839404
-0.000735848734621
-0.000731510226615
-0.000727123813704
-0.000722699449398
-0.000718248193152
-0.000713781453669
-0.000709310581442
-0.000704846286681
-0.000700398522895
-0.000695976021234
-0.000691586115863
-0.000687234802172
-0.000682926620357
-0.000678664830048
-0.000674451352097
-0.000670287001412
-0.000666171661578
-0.000662104575895
-0.000658084405586
-0.000654109404422
-0.000650177709758
-0.000646287517156
-0.000642437022179
-0.00063862465322
-0.000634849071503
-0.000631109403912
-0.000627404893748
-0.000623735191766
-0.000620100297965
-0.000616500328761
-0.000612935633399
-0.00060940667754
-0.00060591386864
-0.000602457672358
-0.00059903843794
-0.000595656398218
-0.000592311553191
-0.000589003728237
-0.000585732399486
-0.000582496810239
-0.000579296029173
-0.00057612877572
-0.00057299353648
-0.000569888565224
-0.000566811941098
-0.000563761685044
-0.00056073552696
-0.000557731254958
-0.000554746540729
-0.000551779172383
-0.000548826763406
-0.000545887218323
-0.000542958383448
-0.000540038279723
-0.000537124986295
-0.000534216931555
-0.000531312427483
-0.000528410251718
-0.000525509065483
-0.000522607937455
-0.000519706052728
-0.000516802654602
-0.000513897335622
-0.000510989746545
-0.000508079770952
-0.000505167292431
-0.000502252485603
-0.000499335699715
-0.00049641734222
-0.000493497878779
-0.000490578066092
-0.000487658689963
-0.000484740565298
-0.00048182476894
-0.000478912319522
-0.00047600446851
-0.00047310240916
-0.000470207480248
-0.000467321049655
-0.000464444572572
-0.00046157950419
-0.000458727328805
-0.000455889559817
-0.000453067710623
-0.000450263236417
-0.0004474776797
-0.000444712437456
-0.000441968877567
-0.000439248397015
-0.000436552218162
-0.000433881534263
-0.000431237422163
-0.000428620842285
-0.000426032696851
-0.000423473742558
-0.000420944590587
-0.0004184457066
-0.000415977498051
-0.000413540168665
-0.000411133776652
-0.000408758292906
-0.000406413513701
-0.000404099089792
-0.000401814555516
-0.000399559328798
-0.000397332682041
-0.000395133742131
-0.000392961606849
-0.000390815170249
-0.000388693297282
-0.000386594765587
-0.000384518265491
-0.000382462400012
-0.000380425772164
-0.000378406897653
-0.000376404263079
-0.000374416384147
-0.000372441718355
-0.000370478752302
-0.000368525943486
-0.000366581894923
-0.000364645093214
-0.000362714199582
-0.000360787875252
-0.000358864839654
-0.00035694395774
-0.000355024094461
-0.000353104260284
-0.000351183582097
-0.000349261274096
-0.000347336637788
-0.000345409091096
-0.000343478226569
-0.000341543753166
-0.000339605408954
-0.000337663164828
-0.000335717049893
-0.000333767267875
-0.00033181408071
-0.000329857895849
-0.000327899237163
-0.000325938715832
-0.000323977059452
-0.000322015082929
-0.000320053659379
0.0013367573265
0.00233415444382
0.0030980668962
0.00366141228005
0.00402876222506
0.00420985976234
0.00422149524093
0.00408605812117
0.00382974557579
0.00348081602715
0.00306798238307
0.00261900760233
0.00215953588486
0.00171218602918
0.00129590753932
0.000925599539187
0.000611969910096
0.000361610087566
0.000177251989953
5.81698550377e-05
6.88817294758e-07
-1.23862776036e-06
4.45756049885e-05
0.000129162421217
0.000242973532295
0.000376407086151
0.000520263798535
0.000666121661197
0.000806622556411
0.000935670512263
0.00104854290839
0.00114192289766
0.00121386162937
0.00126368110068
0.00129183172248
0.00129971618298
0.00128949363716
0.00126387411729
0.00122591701802
0.00117883994244
0.00112584640738
0.00106997822877
0.0010139956139
0.000960286532063
0.000910806469619
0.00086704629939
0.000830026285257
0.000800313195214
0.000778055808041
0.000763035437558
0.000754726643208
0.000752363703214
0.000755009590648
0.000761623086873
0.000771121762227
0.000782438379247
0.00079456839012
