0.000593101023696
0.000521916954312
0.000446964608273
0.000368872453691
0.000288290058961
0.000205882679438
0.000122325785924
3.82996331609e-05
-4.55163281003e-05
-0.000128448868054
-0.00020983639115
-0.000289034127491
-0.000365419284208
-0.000438395858509
-0.000507399265189
-0.000571900629438
-0.000631411036011
-0.000702230841853
-0.000748443824705
-0.000788367178757
-0.000821721623652
-0.000848282768857
-0.000867882161401
-0.000880408799276
-0.000885809073225
-0.000884087348823
-0.000875305151567
-0.000859580410179
-0.000837086234242
-0.000808049051557
-0.000772746338043
-0.000731504347641
-0.000684694736265
-0.000632731709629
-0.000576068006922
-0.000515191233717
-0.000450619671028
-0.000382897880627
-0.000312592106638
-0.000240285604377
-0.000166573867318
-9.20596939977e-05
-1.73482894752e-05
5.69575749978e-05
0.000130262429593
0.00020198286802
0.000271552125923
0.000338424521033
0.000402079807827
0.000462027033791
0.000517808424775
0.000569002819248
0.0006152287242
0.000656147312839
0.000691464636475
0.000720933836419
0.000744356890209
0.000761585542932
0.000772522646002
0.000777926470619
0.000779282127041
0.000775543740019
0.000766281620599
0.000751353043597
0.000730740721337
0.000704524980392
0.000672867230605
0.000636283890344
0.000597285979893
0.000557522813324
0.000517305044923
0.000476483895909
0.000434723915532
0.000393218564568
0.000352141767507
0.000312412885251
0.000274542224361
0.000238984561292
0.000204489813768
0.000171509105712
0.000141003241879
0.000113239359052
8.80608567968e-05
6.53740280541e-05
4.51777341368e-05
2.76933715213e-05
1.36030712383e-05
3.02279704556e-06
-4.59482862425e-06
-1.08303556772e-05
-1.63834756677e-05
-2.17046817852e-05
-2.6780886401e-05
-2.9842436561e-05
-3.1793006201e-05
-3.30850125465e-05
-3.20978215314e-05
-2.98515242321e-05
-2.62543762801e-05
-2.03384824999e-05
-1.32095792651e-05
-3.58059992323e-06
7.32577427698e-06
1.94882668438e-05
3.37464407494e-05
4.8687459639e-05
6.50580041111e-05
8.27761323308e-05
0.000100385179394
0.000117219460662
0.000132807719638
0.000146790902363
0.000158892595209
0.000168900005519
0.000176651548827
0.000182028554264
0.00018495011318
0.000185369615792
0.000183272495633
0.00017867454153
0.000171620544279
0.000162182928761
0.000150460196892
0.000136575326906
0.000120673816127
0.000102921505459
8.35022801766e-05
6.26155233476e-05
4.04734746553e-05
1.72985619429e-05
-6.67932181386e-06
-3.12254924211e-05
-5.61030647077e-05
-8.10754354461e-05
-0.000105908628029
-0.000130373475258
-0.00015424763842
-0.000177317400812
-0.000199379370315
-0.000220241883653
-0.000239726345171
-0.000257668318227
-0.00027391850017
-0.000288343580905
-0.000300826883176
-0.000311268930091
-0.000319587910781
-0.000325719942339
-0.000329619331751
-0.000331258663209
-0.00033062879811
-0.000327738700435
-0.000322615291225
-0.000315303041134
-0.000305863621179
-0.000294375175145
-0.000280931853922
-0.000265642884187
-0.000248631637078
-0.000230034784181
-0.000210001031519
-0.000188689984498
-0.000166270838236
-0.000142920966027
-0.000118824515084
-9.41708567552e-05
-6.91530658514e-05
-4.39663235738e-05
-1.88063077076e-05
6.13240172243e-06
3.06579095195e-05
5.45825751033e-05
7.77245295467e-05
9.9909149867e-05
0.000120970427815
0.000140752337757
0.000159110000823
0.000175910856342
0.000191035636817
0.00020437927742
0.000215851687244
0.000225378375035
0.00023290097306
0.000238377542701
0.000241782865487
0.000243108530412
0.000242362832068
0.000239570625126
0.000234773018747
0.000228026881814
0.000219404304517
0.000208991928957
0.00019689007604
0.000183211959666
0.00016808253713
0.000151637577801
0.00013402235345
0.000115390517749
9.59027456702e-05
7.57254310884e-05
5.5029275245e-05
3.39879297826e-05
1.27765433717e-05
-8.429630725e-06
-2.94566598313e-05
-5.01333124703e-05
-7.02924226061e-05
-8.97721984074e-05
-0.000108417501906
-0.000126081038616
-0.000142624485306
-0.000157919595949
-0.000171849067556
-0.000184307529707
-0.000195202213945
-0.000204453666811
-0.000211996317375
-0.000217778855585
-0.000221764596063
-0.000223931667279
-0.000224273069762
-0.000222796676098
-0.000219524983549
-0.000214494939428
-0.000207757475437
-0.000199376983801
-0.000189430778846
-0.000178008354851
-0.000165210527484
-0.000151148618897
-0.000135943468194
-0.000119724325486
-0.000102627855085
-8.47969058668e-05
-6.63793398417e-05
-4.75268134323e-05
-2.83934950858e-05
-9.13483745535e-06
1.00937031675e-05
2.91379255941e-05
4.78461115563e-05
6.60702426103e-05
8.3667175204e-05
0.000100499746623
0.000116437855468
0.000131359469378
0.000145151541801
0.000157710877829
0.00016894491273
0.000178772359504
0.000187123776414
0.000193942149053
0.000199183108634
0.000202815368539
0.000204820767976
0.000205194402952
0.000203944524401
0.00020109245088
0.000196672219317
0.000190730337636
0.000183325217222
0.000174526692717
0.00016441536718
0.000153081855387
0.000140626056236
0.00012715619232
0.000112787995022
9.76435912889e-05
8.18505795905e-05
6.55409239698e-05
4.8849855375e-05
3.19147584378e-05
1.48740682562e-05
-2.13387511394e-06
-1.89719303307e-05
-3.55052543455e-05
-5.16023828823e-05
-6.71362577123e-05
-8.19852284621e-05
-9.60340039455e-05
-0.00010917452164
-0.00012130678806
-0.00013233962818
-0.000142191362102
-0.000150790379848
-0.000158075694344
-0.00016399731976
-0.000168516620761
-0.000171606559888
-0.000173251813976
-0.000173448832356
-0.000172205764102
-0.000169542370713
-0.000165489705978
-0.000160089868587
-0.000153395551024
-0.000145469530253
-0.000136384114739
-0.000126220475067
-0.0001150679891
-0.000103023376141
-9.01899329619e-05
-7.66766243032e-05
-6.25971952104e-05
-4.80691742268e-05
-3.32129457092e-05
-1.81507366506e-05
-3.0056119158e-06
1.20995082398e-05
2.70428499789e-05
4.17047594965e-05
5.59686559427e-05
6.97219438734e-05
8.28569027362e-05
9.52715345193e-05
0.000106870320451
0.000117564974062
0.00012727509602
0.00013592877076
0.000143463083077
0.000149824598338
0.000154969660798
0.000158864771947
0.000161486706929
0.000162822703714
0.000162870433996
0.000161638017744
0.000159143819474
0.000155416273628
0.000150493608089
0.000144423393067
0.000137262191856
0.000129074935103
0.000119934455142
0.000109920758405
9.91203851299e-05
8.76256235642e-05
7.55337605369e-05
6.29462592769e-05
4.9967879022e-05
3.67058564734e-05
2.32689890254e-05
9.76675710262e-06
-4.41976262664e-05
-0.000155349669512
-0.000294436933473
-0.000449399463832
-0.000612559961155
-0.000778120942414
-0.000941607577261
-0.00109951803461
-0.0012490771478
-0.0013880621409
-0.00151468045078
-0.00162748491857
-0.00172531360295
-0.00180724891834
-0.00187258899678
-0.00192082731519
-0.00195163872559
-0.001964868512
-0.00196052389219
-0.0019387670327
-0.00189990841318
-0.00184440053999
-0.00177283061203
-0.00168591411784
-0.00158448691946
-0.00146949687041
-0.00134199485183
-0.00120312580839
-0.00105411768891
-0.000896272074897
-0.000730951898731
-0.000559570733458
-0.000383580918424
-0.000204461277463
-2.37053955061e-05
0.000157190719619
0.000336740660714
0.000513479404617
0.000685975188389
0.000852840486914
0.00101274310146
0.00116441643331
0.00130666932091
0.00143839488737
0.00155857903883
0.00166630803142
0.00176077487413
0.00184128549881
0.0019072634168
0.00195825309493
0.00199392391369
0.00201407074928
0.00201861513779
0.00200760620646
0.00198121718131
0.00193974527065
0.00188360735774
