0.00113928527571
0.00120885309298
0.00126822583843
0.00131699373014
0.00135483522899
0.0013815186685
0.0013969038846
0.00140094268136
0.00139367836528
0.00137524493039
0.00134586554486
0.00130584998988
0.00125559128355
0.00119556277059
0.00112631276716
0.00104846048634
0.000962690159213
0.000837305386085
0.000736040819902
0.000629529647995
0.000518664368428
0.000404366553994
0.000287579168798
0.00016925901582
5.03687442688e-05
-6.81307938066e-05
-0.000185288343346
-0.000300169776892
-0.000411865621572
-0.000519498018548
-0.000622227787971
-0.000719260831829
-0.000809854071122
-0.000893321470357
-0.000969038752373
-0.00103644828778
-0.00109506305307
-0.00114446994849
-0.00118433311582
-0.0012143952772
-0.00123448017985
-0.00124449294526
-0.00124442018569
-0.0012343301205
-0.0012143709464
-0.00118476944044
-0.00114582828246
-0.00109792349394
-0.00104150082916
-0.000977071234956
-0.000905207009055
-0.000826536444947
-0.000741738360375
-0.000651536392979
-0.000556692772079
-0.000458001974039
-0.000356284290319
-0.000252378755249
-0.000147136423038
-5.69524599996e-05
1.91716135305e-05
0.000110792294436
0.000206064840313
0.000302302272758
0.000397809810238
0.000491190119646
0.000581255648285
0.000667211657856
0.000708568142727
0.000728597980924
0.000742479227483
0.000770966522396
0.000791184720583
0.000803868228104
0.000800529203843
0.000792827631813
0.000785260810517
0.000755848130211
0.00075618783012
0.000734166649636
0.000708581355866
0.000684496306349
0.000648853834718
0.000630977505352
0.000595461111516
0.000576910504606
0.00053192069754
0.000486495759105
0.000462319876533
0.000453913584352
0.000453719403595
0.000458905269625
0.00046779011609
0.000439125869889
0.000436082365923
0.000440564239398
0.000409392087022
0.000405310449423
0.000391773530282
0.000373812479666
0.000375053583411
0.000344504311215
0.000343799765687
0.000335889664711
0.000325499626342
0.000335875403835
0.000324697466567
0.000331112882122
0.000352402072167
0.000382042111596
0.000417829549406
0.000458220107248
0.00050201889826
0.000548271054868
0.0005961896386
0.000645105959848
0.000694436370395
0.000743659678847
0.000792302715126
0.000839931541122
0.000886145920958
0.000930576585233
0.000972884416115
0.00101275986526
0.00104992359411
0.00108412723057
0.00111515400931
0.00114281964488
0.00116697221529
0.0011874929769
0.00120429659728
0.00121732987463
0.00122657243628
0.00123203545809
0.00123376084957
0.00123182032257
0.00122631387785
0.00121736887377
0.00120513804723
0.00118979846593
0.0011715493165
0.00115061039105
0.00112721975893
0.00110163260251
0.00107411842328
0.00104495917913
0.00101444718894
0.000982882571407
0.000950571382418
0.000917822995689
0.000884947832674
0.000852254917845
0.000820049550384
0.000788631092291
0.000758290290833
0.00072930753231
0.000701950280927
0.000676471041515
0.000653105671518
0.000632071169093
0.000613564392552
0.000597760197707
0.000584810331929
0.000574842269998
0.000567958399188
0.000564234971534
0.000563722045626
0.000566442904528
0.000572394230403
0.000581546279136
0.00059384299675
0.000609203183558
0.000627520843409
0.00064866640605
0.000672487949487
0.000698812713381
0.000727448321413
0.000758184876759
0.000790796475485
0.000825043476652
0.000860674248543
0.000897427380551
0.000935034069698
0.000973220099695
0.00101170816924
0.00105022022035
0.00108847976662
0.00112621369772
0.00116315518972
0.0011990449857
0.00123363407329
0.00126668531448
0.00129797542468
0.00132729648612
0.00135445781052
0.00137928687036
0.00140163127799
0.00142135925125
0.00143836066127
0.00145254819654
0.00146385747939
0.00147224729881
0.00147770054173
0.00148022326175
0.00147984514479
0.00147661881056
0.00147061923053
0.00146194314584
0.00145070801955
0.00143705087248
0.00142112746835
0.00140311021823
0.0013831872493
0.00136156089138
0.00133844511583
0.00131406495348
0.00128865335137
0.00126245024148
0.00123569997959
0.00120864959899
0.00118154671509
0.00115463731345
0.00112816435285
0.00110236532055
0.00107747036964
0.00105370080564
0.00103126710746
0.00101036741398
0.000991186010651
0.000973891816102
0.000958637334406
0.000945557374507
0.000934768118896
0.000926366308704
0.000920428603422
0.000917011115234
0.000916149176192
0.00091785681434
0.000922127452213
0.000928933324758
0.000938226585276
0.000949939247221
0.00096398423193
0.0009802558925
0.000998631468974
0.001018971554
0.0010411220137
0.00106491462793
0.00109016918577
0.00111669464968
0.00114429090172
0.00117275025696
0.00120185944252
0.00123140122741
0.00126115616877
0.00129090435803
0.00132042751648
0.00134951015934
0.00137794204056
0.00140551920049
0.00143204582855
0.00145733589306
0.0014812144218
0.00150351878256
0.00152410019655
0.0015428243205
0.00155957310926
0.00157424458303
0.00158675445709
0.0015970361419
0.00160504144151
0.00161074078642
0.00161412311718
0.00161519635003
0.00161398632918
0.0016105377581
0.00160491233692
0.00159718911164
0.0015874634264
0.00157584610861
0.00156246207189
0.00154744985048
0.0015309600858
0.00151315389667
0.00149420229718
0.00147428386845
0.00145358394366
0.00143229286186
0.00141060410533
0.00138871301897
0.00136681552976
0.00134510558564
0.00132377480622
0.0013030100381
0.00128299219068
0.00126389495563
0.00124588329345
0.00122911215294
0.00121372542344
0.00119985465426
0.0011876183562
0.00117712060455
0.00116845103912
0.00116168358363
0.00115687632933
0.00115407106932
0.00115329306573
0.00115455081686
0.00115783640649
0.00116312550381
0.00117037747987
0.0011795363389
0.0011905307183
0.00120327493642
0.00121766980737
0.00123360310681
0.00125095108524
0.00126957916655
0.00128934334498
0.00131009146571
0.00133166392334
0.00135389599018
0.00137661816552
0.00139965838753
0.00142284284811
0.00144599785563
0.00146895076614
0.00149153207894
0.00151357578579
0.0015349216992
0.00155541615095
0.00157491315622
0.00159327581059
0.00161037710495
0.00162610097323
0.00164034345653
0.00165301270317
0.00166403036565
0.00167333194986
0.00168086704798
0.00168659968767
0.00169050879776
0.00169258797541
0.00209982926026
0.00260593858548
0.00281902379356
0.00291942665353
0.00293833762407
0.002893200377
0.0027967360802
0.00265852874145
0.00248597981408
0.00228497292846
0.00206034374423
0.00181620463263
0.00155617203563
0.0012835211819
0.00100129086059
0.000712351698894
0.000419449381297
0.000125229445985
-0.000167750346009
-0.00045701675117
-0.000740183633752
-0.00101495871786
-0.00127915327903
-0.00153069244698
-0.00176762754563
-0.00198814738542
-0.00219058990479
-0.00237345322967
-0.00253540533595
-0.00267529254779
-0.00279214791954
-0.00288519682363
-0.00295386160724
-0.00299776461907
-0.00301673053764
-0.00301078543998
-0.00298015587032
-0.00292526511475
-0.00284672854468
-0.00274534826167
-0.0026221035514
-0.00247814389877
-0.0023147771135
-0.00213345815428
-0.00193577690516
-0.00172344397288
-0.00149827601854
-0.00126218097284
-0.00101714138873
-0.000765198667068
-0.000508435769007
-0.000248960364843
1.11124709292e-05
0.000269677053438
0.000524654169567
0.000774007639848
0.00101576035377
