5.8522644043
5.8522644043
5.85227203369
5.85227203369
5.85227203369
5.85227203369
5.85227203369
5.85227203369
5.85227203369
5.85227203369
5.85227203369
5.85227203369
5.85227203369
5.85227203369
5.85227203369
5.85227203369
5.85227203369
5.85227203369
5.85227203369
5.85227203369
5.85227203369
5.85227203369
5.85227203369
5.85227203369
5.85227203369
5.85227203369
5.85227203369
5.85227203369
5.85227203369
5.85227203369
5.85227203369
5.85227203369
5.85227203369
5.85227203369
5.85227203369
5.85227203369
5.85227203369
5.85227203369
5.85227203369
5.85227203369
5.85227203369
5.85227203369
5.85227203369
5.85227203369
5.85227203369
5.85227203369
5.85227203369
5.85227203369
5.85227203369
5.85227203369
5.85227203369
5.85227203369
5.85227203369
5.85227203369
5.85227203369
5.85227203369
5.85227203369
5.85227203369
5.85227203369
5.85697937012
5.86500549316
5.87490081787
5.88611602783
5.89826965332
5.91108703613
5.92437744141
5.93801116943
5.95468139648
5.97886657715
6.01084899902
6.05173492432
6.09761047363
6.15190887451
6.21288299561
6.28266906738
6.36241912842
6.45155334473
6.54940795898
6.65345001221
6.7663192749
6.88916015625
7.01963806152
7.1595993042
7.30610656738
7.46159362793
7.62501525879
7.79749298096
7.97975921631
8.16764068604
8.35938262939
8.55386352539
8.75029754639
8.95094299316
9.15703582764
9.36588287354
9.57948303223
9.79891204834
10.0213623047
10.2509002686
10.4850387573
10.7248687744
10.9711837769
11.2209777832
11.478187561
11.7402191162
12.006362915
12.2798843384
12.5573196411
12.8374176025
13.1194000244
13.4027175903
13.6869888306
13.9719238281
14.2573394775
14.5430908203
14.8290786743
15.1152420044
15.4015274048
15.6878967285
15.9743270874
16.2608032227
16.5473175049
16.8338470459
17.1203918457
17.4069595337
17.6935272217
17.9801025391
18.2666854858
18.553276062
18.8398666382
19.1264572144
19.4130554199
19.6996536255
19.9862518311
20.272857666
20.559463501
20.8460617065
21.1326751709
21.4192810059
21.7058868408
21.9925003052
22.2791137695
22.5657272339
22.8523406982
23.1389541626
23.425567627
23.7121887207
23.9988021851
24.2854232788
24.5720443726
24.8586654663
25.1452865601
25.4319076538
25.7185287476
26.005153656
26.2917785645
26.5784072876
26.865032196
27.1516609192
27.4382858276
27.7249145508
28.0115470886
28.2981758118
28.5848045349
28.8714370728
29.1580696106
29.4447021484
29.7313346863
30.0179672241
30.3046035767
30.5912361145
30.877872467
31.1645088196
31.4511451721
31.7377815247
32.0244178772
32.3110542297
32.597694397
32.8843307495
33.1709709167
33.457611084
33.7442512512
34.0308914185
34.3175315857
34.6041717529
34.8908119202
35.1774520874
35.4640960693
35.7507362366
36.0373802185
36.3240203857
36.6106643677
36.8973083496
37.1839523315
37.4705963135
37.7572402954
38.0438842773
38.3305282593
38.6171722412
38.9038200378
39.1904640198
39.4771080017
39.7637557983
40.0503997803
40.3370475769
40.6236915588
40.9103393555
41.1969871521
41.483631134
41.7702789307
42.0569267273
42.3435745239
42.6302223206
42.9168701172
43.2035179138
43.4901657104
43.7768135071
44.0634613037
44.3501091003
44.636756897
44.9234046936
45.2100524902
45.4967041016
45.7833518982
46.0699996948
46.3566474915
46.6432991028
46.9299468994
47.216594696
47.5032463074
47.789894104
48.0765457153
48.363193512
48.6498451233
48.9364929199
49.2231445312
49.5097923279
49.7964439392
50.0830917358
50.3697433472
50.6563911438
50.9430427551
51.2296943665
51.5163421631
51.8029937744
52.0896453857
52.3762931824
52.6629447937
52.949596405
53.2362442017
53.522895813
53.8095474243
54.0961990356
54.3828468323
54.6694984436
54.9561500549
55.2428016663
55.5294494629
55.8161010742
56.1027526855
56.3894042969
56.6760559082
56.9627037048
57.2493553162
57.5360069275
57.8226585388
58.1093063354
58.3959579468
58.6826095581
58.9692611694
59.2559127808
59.5425643921
59.8292160034
60.1158676147
60.4025192261
60.6891708374
60.975818634
61.2624702454
61.5491218567
61.835773468
62.1224212646
62.409072876
62.6957244873
62.9823760986
63.26902771
63.5556793213
63.8423309326
64.1289825439
64.4156341553
64.7022857666
64.9889373779
65.2755889893
65.5622406006
65.8488922119
66.1355438232
66.4221954346
66.7088394165
66.9954910278
67.2821426392
67.5687942505
67.8554458618
68.1420974731
68.4287490845
68.7154006958
69.0020523071
69.2887039185
69.5753555298
69.8620071411
70.148651123
70.4353027344
70.7219543457
71.008605957
71.2952575684
71.5819091797
71.868560791
72.1552124023
72.4418640137
72.728515625
73.0151672363
73.3018188477
73.588470459
73.8751220703
74.1617736816
74.4484176636
74.7350692749
75.0217208862
75.3083724976
75.5950241089
75.8816757202
76.1683273315
76.4549789429
76.7416305542
77.0282821655
77.3149337769
77.6015777588
77.8882293701
78.1748809814
78.4615325928
78.7481842041
79.0348358154
79.3214874268
79.6081390381
79.8947906494
80.0757827759
80.1985397339
80.2857971191
80.3479156494
80.3921585083
80.4236831665
80.4461669922
80.4622039795
80.4736633301
80.4818572998
80.4877243042
80.4919433594
80.4949798584
80.4971847534
80.4987792969
80.4999542236
80.5008239746
80.5014801025
80.5019760132
80.5023651123
80.5026702881
80.5029144287
80.5031204224
80.5032958984
80.5034484863
80.5035858154
80.5037078857
80.5038146973
80.5039215088
80.5040283203
80.504119873
80.5042114258
80.5043029785
80.5043869019
80.5044631958
80.5045471191
80.5046234131
80.504699707
80.5047683716
80.5048446655
80.5049133301
80.5049819946
80.5050506592
80.5051116943
80.5051727295
80.5052337646
80.5052947998
80.505355835
80.5054092407
80.5054702759
80.5055236816
80.5055770874
80.5056304932
80.5056762695
80.5057296753
80.5057754517
80.505821228
