5.59679619982e-06
5.61792921872e-06
5.62597597309e-06
5.62017476113e-06
5.59990121474e-06
5.56466920898e-06
5.51413450012e-06
5.44809654457e-06
5.36649758942e-06
5.26942267243e-06
5.15709734827e-06
5.02988496009e-06
4.88828027301e-06
4.73290720038e-06
4.56451152786e-06
4.38395272795e-06
4.19219577452e-06
3.92095262214e-06
3.7073546082e-06
3.48642834069e-06
3.25948917634e-06
3.0279056773e-06
2.79308665085e-06
2.55646818914e-06
2.31950389207e-06
2.08365122489e-06
1.85036026323e-06
1.62106084645e-06
1.39715223213e-06
1.17999093163e-06
9.70879341367e-07
7.71057102611e-07
5.81689334922e-07
4.03859473863e-07
2.38558072851e-07
8.66790088594e-08
-5.0990422551e-08
-1.73774211021e-07
-2.8111253414e-07
-3.72565239104e-07
-4.47815466487e-07
-5.06671483436e-07
-5.49067408429e-07
-5.75062927055e-07
-5.84842609896e-07
-5.78713070354e-07
-5.57100293008e-07
-5.20545768268e-07
-4.69701120664e-07
-4.05322595043e-07
-3.28263809024e-07
-2.39469414964e-07
-1.39965635526e-07
-3.0853474442e-08
8.67028191465e-08
2.1148292717e-07
3.42223160033e-07
4.77624610085e-07
6.16364275174e-07
0.104958340526
0.145913422108
0.173385173082
0.192901417613
0.206788882613
0.216671645641
0.223704785109
0.228710234165
0.3188765347
0.457505136728
0.59308975935
0.714772999287
0.786763608456
0.945152282715
1.0755212307
1.19643616676
1.37553262711
1.55272185802
1.66403532028
1.79345798492
1.914509058
2.09367489815
2.2384121418
2.3690302372
2.50227594376
2.62554645538
2.78593063354
2.94071865082
3.07512497902
3.15617656708
3.21335196495
3.25391340256
3.28269600868
3.39023041725
3.45292973518
3.49308991432
3.60859060287
3.67689561844
3.7210252285
3.85950446129
3.92070937157
4.04997825623
4.12793970108
4.17889976501
4.32215023041
4.38668680191
4.48607778549
4.58509492874
4.6410908699
4.68044137955
4.70831918716
4.72807693481
4.74208402634
4.75201702118
4.75906419754
4.764067173
4.76762104034
4.77014923096
4.77194976807
4.77323484421
4.77415466309
4.77481508255
4.77529191971
4.77563810349
4.77589178085
4.77607965469
4.77622079849
4.77632856369
4.77641248703
4.77647924423
4.77653360367
4.77657938004
4.77661848068
4.77665233612
4.77668333054
4.77671146393
4.77673721313
4.77676153183
4.77678442001
4.77680635452
4.77682733536
4.77684783936
4.77686738968
4.77688646317
4.77690458298
4.77692222595
4.77693986893
4.77695655823
4.77697277069
4.77698898315
4.77700424194
4.77701950073
4.77703380585
4.77704811096
4.77706193924
4.77707529068
4.77708864212
4.77710151672
4.77711391449
4.77712583542
4.77713775635
4.77714920044
4.77716016769
4.77717113495
4.77718162537
4.77719211578
4.77720212936
4.77721166611
4.77722120285
4.77723073959
4.7772397995
4.77724838257
4.77725696564
4.77726507187
4.7772731781
4.7772808075
4.77728843689
4.77729606628
4.77730321884
4.7773103714
4.77731704712
4.77732372284
4.77732992172
4.77733659744
4.77734231949
4.77734851837
4.77735424042
4.77735948563
4.77736520767
4.77737045288
4.77737569809
4.77738046646
4.77738523483
4.7773900032
4.77739477158
4.77739906311
4.77740335464
4.77740716934
4.77741146088
4.77741527557
4.77741909027
4.77742290497
4.77742624283
4.77742958069
4.77743291855
4.77743625641
4.77743959427
4.77744245529
4.77744531631
4.77744817734
4.77745103836
4.77745342255
4.77745580673
4.77745866776
4.77746105194
4.77746343613
4.77746534348
4.77746772766
4.77746963501
4.77747154236
4.77747344971
4.77747535706
4.7774772644
4.77747917175
4.77748060226
4.77748250961
4.77748394012
4.77748537064
4.77748680115
4.77748823166
4.77748966217
4.77749109268
4.77749252319
4.77749347687
4.77749490738
4.77749586105
4.77749729156
4.77749824524
4.77749919891
4.77750015259
4.77750110626
4.77750205994
4.77750301361
4.77750396729
4.77750492096
4.77750587463
4.77750635147
4.77750730515
4.77750778198
4.77750873566
4.77750921249
4.77751016617
4.77751064301
4.77751111984
4.77751159668
4.77751255035
4.77751302719
4.77751350403
4.77751398087
4.7775144577
4.77751493454
4.77751541138
4.77751588821
4.77751588821
4.77751636505
4.77751684189
4.77751684189
4.77751731873
4.77751779556
4.77751779556
4.7775182724
4.7775182724
4.77751874924
4.77751874924
4.77751874924
4.77751922607
4.77751922607
4.77751922607
4.77751970291
4.77751970291
4.77751970291
4.77751970291
4.77751970291
4.77751970291
4.77751970291
4.77752017975
4.77752017975
4.77752017975
4.77752017975
4.77752017975
4.77752017975
4.77751970291
4.77751970291
4.77751970291
4.77751970291
4.77751970291
4.77751970291
4.77751970291
4.77751970291
4.77751970291
4.77751970291
4.77751922607
4.77751922607
4.77751922607
4.77751922607
4.77751922607
4.77751922607
4.77751874924
4.77751874924
4.77751874924
4.77751874924
4.77751874924
4.77751874924
4.7775182724
4.7775182724
4.7775182724
4.7775182724
4.7775182724
4.7775182724
4.77751779556
4.77751779556
4.77751779556
4.77751779556
4.77751779556
4.77751779556
4.77751779556
4.77751731873
4.77751731873
4.77751731873
4.77751731873
4.77751731873
4.77751684189
4.77751684189
4.77751684189
4.77751684189
4.77751684189
4.77751636505
4.77751636505
4.77751636505
4.77751636505
4.77751636505
4.77751588821
4.77751588821
4.77751588821
2.57507920265
1.81685006618
1.29291212559
0.920609235764
0.655795693398
0.467393100262
0.33333003521
0.237919598818
0.170008197427
0.12166313082
0.0872413665056
0.0627280473709
0.0452664382756
0.0328236892819
0.0239531546831
0.0176253151149
0.0131074720994
0.00987817067653
0.00756627833471
0.00590765476227
0.00471429945901
0.00385240232572
0.00322672305629
0.00276946951635
0.00243238685653
0.00218112370931
0.00199122633785
0.00184528296813
0.00173089583404
0.001639234717
0.00156400923152
0.0015007359907
0.00144621834625
0.00139817548916
0.00135497807059
0.00131546077318
0.00127878854983
0.00124436151236
0.00121174706146
0.00118063169066
0.00115078687668
0.0011220445158
0.00109427957796
0.00106739776675
0.00104132678825
0.00101600959897
0.000991401029751
0.000967463594861
0.000944165629335
0.000921479717363
0.000899381644558
0.000877849408425
0.000856862752698
0.00083640293451
0.000816451967694
0.000796993088443
0.00077801005682
